15 minutes
100 positions
5, 2, 1
2159.02
98, 273, 236, 225, 900, 100, 42, 32, 79, 152, 1, 249, 100, 100, 109, 103, 183, 248, 249, 249, 100, 100, 12, 60, 56, 63, 1, 3, 100, 100, 205, 83, 81, 89, 249, 26, 100, 100, 100, 1, 234, 1, 100, 100, 100, 199, 204, 1, 100, 243, 1, 1, 100, 86, 186, 148, 119, 1, 100, 100, 100, 223, 132, 175, 150, 249, 100, 1, 249, 100, 100, 100, 1, 249, 249, 71, 147, 15, 138, 1, 100, 100, 176, 1, 24, 172, 100, 215, 92, 1, 100, 241, 100, 4, 1, 99, 195, 99, 231, 100, 124, 49, 100, 249, 124, 100, 1, 249, 100, 1, 100, 100, 100, 100, 120, 249, 249, 202, 100, 1, 100, 100, 100, 100, 100, 144, 100, 1, 100, 136, 2, 100, 100, 100, 100, 249, 100, 152, 100, 100, 100, 249, 100, 249, 100, 100, 100, 100, 100, 227, 1, 1, 100, 161, 100, 100, 100, 249, 201, 249, 100, 100, 82, 1, 100, 249, 100, 100, 100, 100, 100, 100, 100, 96, 1, 100, 100, 100, 100, 100, 100, 106, 110, 100, 100, 100, 100, 100, 100, 181, 100, 100, 100, 100, 100, 100, 100, 203, 249, 105, 100, 100, 100, 100, 100, 78, 1, 206, 100, 100, 100, 100, 100, 12, 91, 210, 1, 100, 249, 100, 100, 42, 120, 249, 232, 100, 100, 100, 100, 10, 30, 49, 128, 28, 140, -19, 41, 84, -26
20 minutes
100 positions
1
2111.41
145, 274, 210, 255, 966, 100, 4, 12, 57, 135, 1, 249, 100, 100, 90, 95, 145, 228, 249, 231, 100, 100, 1, 42, 25, 27, 10, 1, 100, 100, 207, 58, 51, 51, 249, 32, 100, 100, 100, 1, 223, 1, 100, 100, 100, 168, 145, 1, 100, 249, 1, 1, 100, 61, 88, 141, 99, 1, 100, 100, 100, 203, 102, 160, 151, 249, 100, 1, 212, 100, 100, 100, 1, 249, 249, 65, 153, 3, 172, 1, 100, 100, 197, 1, 35, 188, 100, 173, 113, 1, 100, 100, 100, 2, 1, 123, 208, 113, 149, 100, 126, 1, 100, 249, 147, 100, 1, 249, 100, 1, 100, 100, 100, 100, 123, 249, 249, 181, 100, 1, 100, 100, 100, 82, 100, 124, 100, 1, 100, 113, 16, 100, 100, 100, 100, 249, 100, 124, 100, 100, 100, 249, 100, 249, 100, 64, 100, 100, 100, 206, 1, 1, 100, 179, 100, 100, 100, 249, 183, 243, 100, 100, 114, 1, 100, 100, 87, 100, 100, 100, 100, 100, 100, 64, 1, 100, 100, 100, 100, 100, 100, 117, 122, 100, 100, 100, 100, 100, 100, 165, 100, 100, 100, 100, 100, 100, 100, 194, 249, 101, 100, 100, 100, 100, 100, 88, 1, 233, 100, 100, 100, 100, 100, 12, 82, 249, 1, 100, 249, 100, 100, 75, 116, 249, 207, 100, 100, 100, 100, 8, 21, 33, 146, 24, 118, -6, 84, 111, 0
15 minutes
100 positions
2, 1
2133.62
137, 296, 215, 258, 950, 100, 19, 22, 68, 145, 0, 250, 100, 100, 99, 110, 161, 237, 250, 231, 100, 100, 0, 54, 43, 39, 100, 45, 100, 100, 187, 75, 52, 55, 250, 23, 100, 100, 100, 0, 232, 0, 100, 100, 100, 159, 174, 0, 100, 250, 0, 0, 100, 63, 111, 138, 112, 0, 100, 100, 100, 204, 111, 153, 147, 250, 100, 0, 222, 100, 100, 100, 0, 250, 250, 60, 161, 10, 167, 0, 100, 100, 172, 0, 35, 187, 100, 204, 99, 1, 100, 103, 100, 0, 0, 127, 221, 120, 208, 100, 113, 10, 100, 250, 117, 100, 0, 250, 100, 0, 100, 100, 100, 100, 124, 250, 250, 188, 100, 0, 100, 100, 100, 87, 100, 135, 100, 0, 100, 120, 2, 100, 100, 100, 100, 250, 100, 101, 100, 100, 100, 250, 100, 250, 100, 85, 100, 100, 100, 220, 0, 0, 100, 173, 100, 100, 100, 250, 184, 242, 100, 100, 104, 0, 100, 100, 110, 100, 100, 100, 100, 100, 100, 73, 0, 100, 100, 100, 100, 100, 100, 112, 118, 100, 100, 100, 100, 100, 100, 173, 100, 100, 100, 100, 100, 100, 100, 193, 250, 102, 100, 100, 100, 100, 100, 83, 0, 218, 100, 100, 100, 100, 100, 13, 86, 228, 0, 100, 250, 100, 100, 66, 123, 250, 228, 100, 100, 100, 100, 8, 26, 39, 150, 26, 125, -15, 87, 104, 0